37448359
29219305
3541425
37853407
26626213
39426472
34673003
36623693
38806353
32404509
32810924
23720712
28859268
40280033
30149131
31971564
23735014
12414168
21676343
32068074
39709806
27846274
31557626
34992597
38703567
9140553
28916316
12238372
25899866
40265107
40411948
24372253
38349167
39899236
40841725
40303105
26352261
1306918
35416090
25218295
26341622
32690632
39457012
12414166
24994009
101226
23219811
15099501
22169089
35447245
38586904
27537413
26048781
29023541
8890203
37561685
38809331
31509762
32535086
7650203
18423950
21446957
22439440
3836306
27595898
28482164
23592643
40106936
34807952
22461528
40645225
18648644
30593355
17028213
26690090
35236406
27938677
22727892
13596891
24950353
23837378
32543112
27496742
10939042
30661832
19176693
7806364
36930131
15039330
25274621
11553569
32965738
17570767
37276346
33582483
31009310
15246618
8915438
6419766
16372886
29984663
38190394
21530111
19757581
8593404
23659743
8027313
20943881
37225948
26616550
30837598
21479842
30145690
18675869
26093199
34049112
16177328
18414589
27771184
8698463
3148291
28533142
24941369
9234451
8296481
15861878
817437
16697090
38633148
3119851
38652965
14998310
22284623
30375177
19186196
31064674
31951645
12075822
22297422
31767087
21768283
9027704
828049
25939375
11732416
25320267
36263034
37036290
15963819
33593447
1557898
24716528
41499854
21708998
15005547
8723881
30569140
29929362
29249316
25723468
33631554
12761107
8641749
9270127
2930135
27075847
16713034
30009764
24370708
7625115
30707922
26150246
8236802
25644010
37866552
1261734
29649688
22149711
40936934
32208191
13106703
19687621
12151196
17070627
26904509
7631517
28882137
18405337
34919994
23942901
20391363
12119140
24508034
32983124
16519974
21109033
6799566
25029920
26925620
20362625
12399611
25218192
21056079
15695027
2514615
12381572
40232834
27639282
29548705
27664334
25673305
32544523
111660
17686554
7927779
31775863
32434839
17014337
31843357
26971148
38453565
32014437
28812192
6442027
24984948
15145500
27143220
29253594
35850072
33527985
19439382
26040616
18319583
24397905
25869887
9582954
40072655
23313258
6782064
25339409
12381571
30885309
12135637
829301
16112746
9801329
15804600
25225910
9706206
41293151
23643287
28131952
20362620
13915813
29781672
16299302
29274056
33213290
6805409
23163875
6802119
27938682
6774529
12414170
13475612
9673273
22539433
27747197
12507562
40989634
29433066
10731617
1906114
23647412
26752510
19703982
16973307
16246467
9813857
2844673
8203126
6529395
13575671
31514254
15327798
8250382
20833439
19901378
11953389
22854331
24739513
2495700
25240754
11497459
23845817
11447155
32943264
3135769
6776944
10579049
21053778
19362381
15135517
8051240
3089933
22121155
30717621
16239526
19887131
19007836
1904667
15308369
21264260
25497237
10208887
18355234
992708
29263667
821385
10407488
12706059
17216995
19428917
14196815
7168540
21412420
11139204
3926817
11838212
7868269
809027
12392535
6315592
23834811
10816475
8836366
25704160
7747403
10531243
21316499
21376799
6784617
3088821
8533303
19204345
40101522
6415897
21719815
3938101
22379045
17267588
11500423
23026687
8300219
17442465
18293615
16242273
9858409
7502488
22222868
16988260
11058778
10821960
12853409
15908354
2126787
2494912
22496493
10445249
9376424
19914192
24898325
3686824
2058270
117051
30350322
11401996
9009345
2208970
6810533
3138930
12636998
10941731
9157685
20013309
25947146
8746701
9563622
7667905
9518281
824373
118953
20036752
18543073
15036539
11061628
18565697
17296251
13889789
11020364
21300102
6506451
8873388
816681
8953530
15213148
6409863
198308
825014
2795638
9208200
17196866
17600596
6408007
6779787
10376900
1769876
11922486
41172931
821381
8705674
9916121
3932248
3932247
11356322
6403007
3150885
17467200
9492928
7960111
20703190
7619903
3133389
6819851
6442028
8550206
3125668
1785727
10836273
117052
2465711
816688
6187324
3938779
1568926
6817509
12479299
2503922
12704101
12910758
2922509
11238226
12458730
99922
6785847
10534009
11838225
8541805
10665543
14733277
816682
6417883
9203305
15559190
2110377
6422806
9413093
816690
906093
816687
115896
11580062
7569229
816689
8414678
6803624
816686
15465709
6779786
3102552
2125318
1902610
101470
1454777
6805054
2494933
6414347
3099740
110515
6529126
3933472
1759514
828826
6410579
944151
6436294
6820248
105522
827842
417778
29034582
6796600
33618618
21213590
21943783
25498211
38755066
22919627
10548564
19596411
30068897
18362129
36940016
16337315
29492808
17575983
16446171
29626657
18980780
6436109
417648
13819864
20147498
26551794
3088822
16439039
12650766
1995583
33118284
12414167
15203917
30343119
9729532
29041788
12933826
15563954
24981716
26709638
27057678
36530431
32169487
29571517
26384448
11768128
19047401
34057317
3577354
25968974
2105681
40299164
12525425
29106986
12528441
27133932
37493775
24247358
17428946
11457533
6178324
9784574
18981242
36653223
23906889
35750543
1843392
12079742
20850688
32661939
31300122
40715363
32559678
11803949
35537721
26442664
6775668
25011712
12324206
12176275
12171297
31176541
28916314
12065469
37149444
41182015
3111521
21455694
25165025
6870000
23045513
39151885
6774688
40926333
20180858
20362619
26825313
29685597
2515779
23664986
12076120
40223393
3937324
27032465
6783530
31574230
16339067
39828225
23557337
11193615
10941732
30139304
19321692
32910379
20727395
26395469
22521283
20362201
39024932
21919619
30936160
2111796
10499853
3936383
8923239
16790778
6403209
17664263
41171198
38419498
29745323
750371
23837379
40152064
15005562
40349401
33328142
4628447
35529865
28390976
34078437
3137722
34290993
25820069
7523456
12414169
19837284
17904229
17523477
9530610
26899373
36178040
6787197
1811374
36459272
12168259
19293473
11553603
17050051
39186777
39640259
23716607
31730501
16989591
110514
8427038
28919551
29366302
22546330
24646742
33025778
31986561
11953393
27595444
26039674
28411163
4998841
22021041
20580469
9008343
33189614
17049676
32581535
21565241
18602490
31437796
32703299
26155935
25131740
40383101
26479901
31013002
19745508
40229797
1350274
36918910
18462974
6781127
20117540
18164561
28873944
21215890
30670904
26699748
24176078
31973749
36939918
30885303
34132177
30622973
3106273
31703683
6791534
29678458
16481077
25043564
10946149
24210811
36601429
39212759
21403904
20194591
25938483
8810948
32017955
17715332
2298657
22383953
1261746
27085292
22464098
30856219
8698471
12414143
35166028
28532790
23913725
23044181
41272796
19604656
41196893
19442721
10473532
19364278
38113688
29082252
24598723
15203922
11237356
28376905
9704523
34167853
6523581
14039582
23837383
6476570
999126
23778600
20703189
25930114
8510678
16790759
16323658
39875488
11923376
37003120
25001604
6802042
32384250
39466745
22919576
1456536
34328699
29709690
23000585
41148846
25895189
27031455
31715318
9689741
34032200
39218373
30642597
19397881
20362624
1563262
2800307
18923907
32298378
9686610
14500496
8225607
21166726
17239499
24288554
12414132
32454410
6408787
41120486
25263136
9429252
36638645
31231951
29701826
31354728
31662995
22242036
15736854
32122583
28166930
6170195
30609879
11504226
25724777
21651944
984715
8952027
34305935
10941733
9256969
12884166
39902052
7559970
38917779
11500412
20594772
6778599
816691
35786155
23837380
28391992
39343859
33353489
28622869
10881048
12183550
26826463
18664389
26459556
23507429
29641606
34260490
11504238
11823235
3935591
26022514
18727806
11906770
3554851
37981707
12414142
1223287
41546810
28131373
29082458
40176072
17306588
22806154
6433755
1261738
30136204
29361960
944148
7519357
40610899
8675325
21215893
16754373
17931756
29055858
24124546
27591954
26317399
6531956
41240584
806320
33274194
7884802
21478357
29673454
107845
19748579
3087049
6789462
6626063
8641754
35675662
30078602
41207070
18836016
15129979
10921983
23239800
6778600
41218729
32071068
25633898
26846129
22296786
3410770
7224283
26904517
111416
7340777
24995396
31676233
19204348
8260964
15941627
464362
12414159
9880107
1610080
27084100
29287984
6489638
1261747
2128861
10596803
27349900
10889410
32040345
20362623
23879523
28766037
14636042
30792035
3176252
2185782
8734637
7622248
37477668
1901465
25548080
13780996
21803104
25253663
116578
12414136
22500859
8447086
1649590
15219968
40284996
7801538
11107632
16236400
953283
12528440
4200541
4637296
4237299
9199478
6408588
6208828
14194388
24617263
24836427
3095897
40618431
15972510
36649106
10885618
10825605
25604175
8296482
25529385
32241210
16622231
26230118
6440904
25187406
812466
12414785
15381265
25892682
2505883
413466
99925
2505884
4978351
6421482
35928811
21571380
17553265
2509362
20718082
17894637
38972562
12414137
23046031
3917981
40632352
37389214
6880483
12528442
37580676
25540276
17184756
11277206
40712782
35244335
32747427
35891767
16817909
21871085
2494911
33650077
2494913
20362627
6436107
7835931
23171917
22934672
13913089
3111520
12414161
25685600
18088444
2504086
1500535
21852548
826309
35037143
3922105
9204307
22234268
11506272
33818957
23269507
35357068
812311
33429198
33753207
36115112
28797045
34331742
11315520
22662340
3734426
40640584
31352634
31592588
16242780
40179631
23837367
11732419
7629783
30424746
28160160
38789443
3922342
23006848
24453799
40280318
32086527
25653412
22743689
32795361
9302205
25885057
6092181
11708681
7562998
3090911
3094489
41156613
1718101
6359661
22956439
9257444
9801349
118688
20876984
26530141
8748294
6489627
543824
15322336
39770323
826587
27836044
24954403
17459850
28666718
37395662
41185900
16466662
21602346
3115279
10488186
1595966
8360090
11173035
11117970
13585068
31103700
6436110
30773082
9802197
8308104
10066666
41448303
406391
198309
38941712
33390105
6436100
112900
121242
31481953
22181819
25911005
12092779
11427425
2360774
37812358
20362622
2117675
111662
816685
24814244
3137371
36032120
22937568
3150884
21331496
22472910
9880108
39982617
33189905
12523983
40665323
18359093
40890848
15845228
35334432
33774931
37313853
38165919
35168621
33686494
31545433
32437346
17183958
31232562
14710861
12414141
18385457
40233684
9690613
20362205
22427502
6802061
39450582
18814911
31220185
26464379
41583483
33930414
3129708
40140617
36269553
36413520
810263
6401777
21592585
23173442
30843366
19914012
18251668
1644634
35482257
41212588
33582551
36809969
23837363
40453865
19208979
26036697
16700714
10098687
32645099
39612783
12941554
40368101
12414151
40788720
3925824
25546140
37563597
36921504
14572205
27913028
21809734
6790144
26946956
29277251
23761658
31402921
21217027
39301739
29790689
16077124
2122782
32567249
14221779
12414144
30381939
6806973
17901634
26606688
15846895
84458
36155554
29254496
32870485
38533384
15135510
41025662
41294862
32679611
34824738
34948430
25841288
33201876
97304
22216095
39930647
11305467
23006628
19463862
18448622
39339006
20385349
22066286
39885966
31414558
38226385
11598077
32872264
40643812
34416970
32392223
35217897
37827089
40614644
25113673
37212362
32634082
30337685
41009442
1452817
39037482
35149040
40886501
40272150
24975114
39833143
29958525
1286747
34521471
25347802
32827613
41324816
40739071
3451687
18771805
7664186
33974356
12853399
9706568
6783549
39276450
27907105
41204344
39537199
31311635
27124329
37488036
34029659
29331367
21269992
39536431
26157707
14514248
18642668
28382472
7513589
32979614
25015840
26100405
22718127
33189058
34412583
37649455
32341414
22905141
38366185
39402435
24339776
22192360
35816556
31821358
27792776
8011783
29531148
30572264
19884330
22589097
25712755
20622221
9123781
20579679
31300100
10092809
17037068
20703188
8988876
28693438
40810840
39860987
10670567
15141886
198311
31588758
118703
39919134
21976222
39777506
39230771
32027689
39571831
41646981
27591112
39970851
25919005
24722798
22589715
41183652
22761298
34791575
37006545
26025374
39612866
19261777
30551811
32134953
28624927
10865193
29412161
40733172
12918821
39797980
37657188
8225396
1439207
40304471
23986318
7185320
36367706
6438873
39967794
19386800
38531364
33021085
22795545
35151156
23277121
39867886
23420068
7890314
18077620
41018667
19205266
19204347
1456539
38689773
27144565
31443507
27664333
26774447
28502643
40529620
21464087
29967118
22064715
40619514
25890577
16849379
40451960
31712119
1966725
39222672
6413682
40019270
15869716
7458780
8288319
4091489
9785376
17698385
25198525
10618289
7340776
15970403
26952451
38003334
754679
31699441
7076328
33822982
26688562
7802394
6817562
7325458
33302421
8013484
8157316
32741179
6759521
3451685
17568587
26705151
5295563
3089082
32111651
6777304
30219999
30655173
21922434
32146460
31932325
2123586
411231
103470
3147993
6436123
1163961
37202587
10458638
38538674
17651896
2174467
6897731
821275
4226677
18637172
3572956
34163479
7526568
3548171
7771697
34903220
26129660
3820191
31454518
14573645
6969503
3094237
3570957
6424361
29923000
10816476
15650438
16081301
30321591
4164271
23862154
1261748
4090822
21947888
6974451
26456256
6346660
7469385
23933375
6602586
29486945
812309
23273966
10858205
1261745
29272378
17014873
27645563
1835212
19150742
2136335
24254418
33689001
31718300
1797046
18478107
31571725
20064480
20362202
26218368
2111058
20093762
15899298
2751232
415406
26684926
18763048
15650090
36927475
27075455
8807216
29746469
6789543
7926690
22846987
1015079
12057611
3133872
31754926
30664205
19631246
20812951
16739129
23837376
3570958
6768771
1835213
20888425
25132061
12414155
230558
16622210
18271249
8926120
3096188
28345992
119612
32531499
25619944
10556037
23967122
8914261
4985429
30690101
38299740
11858876
829492
18437841
25685904
9826342
22919594
2118744
15742662
3120443
106762
32787425
14997239
8580167
9201406
20703181
22927979
32536545
2767861
38574113
23837382
5270201
3541274
405963
28535754
985227
6778536
812900
816680
3146834
3502037
6534908
23246552
7702519
20181906
25480484
15271066
20163682
26403990
770324
21143881
33631456
29154438
20351187
120873
7912870
30323166
21365923
33876579
25973624
829491
2774825
19167989
23533646
27527816
12193611
29028813
12678885
22276812
29807709
15780726
35366881
6283614
18973781
6774392
16426046
35710873
6436119
3139474
18199966
19623967
818014
33947419
2123582
24437094
11818165
165234
9987174
11732418
8964089
1599962
16714846
35296091
34644507
33388047
749327
28287496
11732676
6476569
8116936
9719845
30365244
10030756
12414130
4788834
29161849
8312619
7868992
630893
28332655
31499740
24952122
14238932
561499
9257445
17681650
8757841
37147629
11780270
16697684
22364910
25266004
26220514
15106737
3037561
23918978
6166843
10417145
8627787
24421050
12631525
31993824
11349047
3081942
8744552
31678593
828715
3927001
12859018
6810408
95914
1261754
110378
78896
119282
16187538
15135535
103619
4971893
32043321
12414153
1398758
1805568
18708109
1595189
403848
102858
1350916
16148144
4168878
11033013
1369067
2114357
9178643
31705999
98899
12874236
49392
1678617
3081443
7571368
41179620
9764910
23837362
194146
14565901
1908827
2127487
12032899
7745677
23332663
20965746
9673579
9495494
27933275
58033
25975392
104645
11272484
117730
16995407
38028819
9654096
3812841
27447651
6732007
10501175
22046137
8904427
8945575
31216271
3539295
30185220
33243427
22919593
2461012
11974615
1587614
12414131
7496947
1026299
1261752
20362200
3133283
32462327
3283363
23805193
33432377
29496108
8931319
36583994
41241348
6489636
23863503
38101579
20952568
12414148
8828135
8235144
30400899
6436094
24718931
1755918
25988974
2178906
19824392
31955558
3135775
99195
7057025
25541025
19120232
22457830
24171573
22065984
36882115
8968931
11401980
6208072
3143134
28128802
23837372
3822855
6164717
15164626
27029113
7189074
3693544
33040122
2038764
20703191
28296882
26455370
31620958
37817444
22582926
29178929
26964721
30927485
31541671
1194115
749644
18817188
26156404
16800024
36586113
8580678
12414164
3619804
26535621
3759625
21449960
35905023
34617164
38177023
1872101
708329
26528442
4984768
33766736
3733506
26725317
3931396
3343056
3764093
20124603
1656107
23353825
17938225
19711005
12414133
24410144
31955745
41506444
320237
26899897
21674187
6762755
10482294
19714247
41390615
7004278
27872852
26707377
1937745
33340438
31591273
2651307
23837374
30778882
12414135
36618295
8810054
39547601
416906
8764475
12414146
104653
35777597
8751924
29850587
22004574
26665430
3509765
30593262
32448394
17172046
36856875
36426348
25888205
8810947
26276733
15705479
37011099
29344824
37598460
6793622
32577935
3415232
8814332
40411437
6651682
26429071
2500818
18716225
15390265
9713940
34127292
31360652
190280
28968180
21178473
4960715
11705955
17008080
3138178
25424811
40528103
12595417
36857972
6767424
6489617
564589
6614793
1459952
3353094
25904070
118933
9611754
3521407
2128815
32171998
7642258
7822049
29416212
8760325
2413867
1548064
103842
26778206
11848132
19660951
20850689
30539704
35319918
22806739
30659936
32428653
144393
195320
2532095
15583262
7387055
19135812
1563803
20676973
9167241
6784615
10234933
32142734
25820207
28257593
20718088
37230328
2479655
409385
20362617
17576025
10708387
24761732
16965789
3148240
30551701
40157278
17709411
15721781
23272076
8076798
940103
8675306
16456249
36633832
7875746
40090171
30579810
39965002
15626418
1701417
26221116
24752516
10959343
6434426
8763610
33373884
26063236
29301939
13712699
10322713
15061494
7927808
3114145
7558303
2109554
23520752
30388992
25012215
26438029
32777881
16585636
16455994
15745223
2986381
33864924
213237
8368602
31782698
40214828
20718089
23861971
408430
6676340
8478060
35609880
29302776
22143553
16603619
40669151
34604598
17113798
19468854
25896365
1612752
29192529
29921215
25973756
32391285
7790090
24350060
37507444
41063091
22022621
10569735
11117954
40556339
32918242
16943345
16119769
40915348
2114356
19369480
7112914
22920578
41613062
20923306
227800
32518090
18077622
17469274
2155048
34784028
22033658
38257995
34824736
1275465
24909153
6738523
11895955
30502913
37133864
22505817
36584914
32255981
24060567
4090820
29155877
37103583
7483770
41293463
30496771
38573916
3909929
16725187
36380560
23147910
18425596
41441675
2101486
28046078
35243062
39471657
10490231
10909456
38198230
40563537
551372
33537906
2071471
1119849
32920150
23219434
32795585
29233768
29604449
35027583
34395578
387962
19126207
39713909
34114799
24462194
37083372
18524433
31517098
38991428
1027162
31267848
39245893
26622461
12969635
36118342
39858212
1991330
24437088
35465352
11010841
39142535
12381556
8172330
41428885
15031525
16725834
36992130
31223613
6660834
12202611
992718
26907981
6968292
310345
40103818
8423090
34960169
36876019
8444629
37860136
728911
12561981
282007
41653571
40872942
728912
31528851
29354639
40603752
37191983
36620020
24764086
2859335
6361136
32195284
6984419
459594
177992
3286767
6177760
35214775
37937155
17037080
6600248
797673
6193221
6174602
27536032
29867505
21413351
37630638
23100765
36146451
33460704
26623347
33436328
35630386
29911159
33997237
32911812
26913182
41643375
38023275
32443785
33195494
31849872
37415963
26019797
41665570
38601913
39620110
28717311
36338077
37876633
37515088
28386600
35923818
26989713
39858837
622830
34452003
24031869
39148966
36147290
28766326
24860561
30524697
38025913
35335018
23251805
32128095
17649570
38170414
38352039
24371203
23730309
32102449
41103755
20875156
24847419
39132632
23256535
36632477
36313852
32244903
36992237
40711265
36560581
28232837
40573898
32848322
39927221
38792696
16557954
39057972
29887851
39408526
33768120
38250017
40966822
34745025
40800113
33642798
39132440
36911199
31380001
32175335
35889993
38930429
40949690
26579096
30034165
40520370
29567740
33738302
38957801
39144123
20391385
35215112
36678430
25737825
34489888
37051103
33062939
33799545
30731541
32476734
33644455
31998758
36851141
35174240
38019359
41133153
21052561
32546922
35274021
20437382
38746929
26587475
23467315
29911160
29978136
22041276
35028300
33643576
40612150
37621538
33592918
10932720
39881714
33198223
25972991
16031445
26862376
39918760
38044961
33424306
32206227
35071397
41666696
27582592
30050849
30603712
31618183
27148232
31086754
29238329
39858938
31327909
26866027
37630536
32776000
33628752
40606156
38974993
20637091
35208791
38770201
27839533
35888979
30429834
40864417
31485163
26579099
41127417
32825067
30319590
33531081
26445639
24293713
39678977
26779198
38725590
40142466
40013279
31756893
27928487
26834720
39220468
16031427
32148665
30837973
28443226
36014002
26752992
35224080
30083304
38681083
38003739
39606679
27920824
40814477
39534295
32255962
39624198
26516446
41409900
37123977
34540171
41477197
39651132
38146446
34777524
24833983
28261222
33182549
32668648
21151694
29606969
2557707
15663081
39100474
41582728
9612764
26124937
35028408
30034172
29619446
37544080
16031388
39664061
23254502
36590134
34179193
35646816
33748220
31783731
31013592
39726584
41209740
41140409
37032899
33553273
41098548
26038506
29531919
34249510
30542467
40930016
30294312
35223665
41295567
39770846
16031329
34208761
41310906
36056387
34335551
23738094
29805218
40188869
31297365
38711779
35889012
40521440
607552
34630961
18078724
33093792
36992277
30687586
24239212
41286633
40767782
40890627
37630630
23961160
36425611
40791355
23286223
31776214
16556312
36750223
27771746
37671873
39464312
34576838
37396997
36149522
9686182
40481572
20429057
28096613
34675257
26109359
14733285
17823404
26280026
41532509
16726345
39748974
34067124
14746981
30510646
35875565
40313502
38062496
12244657
27051206
32077219
40931356
11692509
7405300
16726417
23932076
27656221
39981251
6996540
26564050
31168339
1305861
32742335
26478987
21593234
30274461
20405451
41484911
33816587
31198771
2750751
1840850
41610084
41638039
32219108
39507524
36187929
24149042
40013292
32032767
29892455
33061219
26821047
20136344
36041296
34306007
36742247
39430668
38545216
27551431
31360355
36296246
30881410
33778036
23029192
33415719
39925832
34959549
39910632
29391682
32070427
37956891
16030997
15054994
35017831
8261496
34211345
12743657
41618666
3127332
3304395
21957115
34576711
37591159
6253033
40853953
25395174
30112155
16332285
36442625
9521150
31084895
40933525
40498550
28915908
18968943
1840851
9856145
40654512
39189011
24365434
1250230
33877903
3157744
41538920
24605651
30333984
551360
35967460
23825732
15916282
1702285
38264255
41551725
39687919
16857603
29624823
12423037
33909645
16893981
11071536
36428371
20411515
17057264
32501433
9383148
37620067
35323205
35073200
16224554
41154981
3980087
31934663
8323053
36066737
35604843
22958252
41334222
22389729
2019526
360197
25298245
29536354
33644239
35234599
23642415
12495047
39442275
32012807
17142235
17984082
25911990
2802311
26827833
40951386
23020050
23273048
40468267
38598116
41480662
3411647
36892927
22763857
36978504
36787295
21645321
11031122
32564510
26684576
15495931
21763173
24622102
41270341
12725505
32020787
34091225
32129639
30317809
21083874
21508164
25328621
28584176
41276838
34133919
30280838
38607981
39661611
21832261
33713812
41312397
32723287
37152587
39550187
29559101