25892682
33353489
36653223
36413520
29219305
29287984
37853407
32703319
38419498
20180858
27031455
38806353
32404509
33274194
12525425
23720712
35529865
28859268
40453865
40280033
25938483
39466745
35750543
23735014
40176072
29144201
36601429
30856219
41212588
27846274
34992597
29366302
30936160
26155935
9140553
39640259
39024932
21403904
40265107
37563597
30068897
34290993
26551794
40229797
38349167
36115112
40841725
39902052
20718082
40303105
26230118
11923376
26352261
38789443
19047401
38113688
26341622
28873944
40610899
32690632
39457012
29082252
101226
23219811
24124546
34032200
31973749
15099501
22169089
35447245
41182015
36459272
38586904
27537413
29023541
14234348
8890203
37561685
38809331
41272796
32535086
40926333
22500859
38755066
9256969
7650203
36530431
40299164
18981242
23592643
40106936
18602490
34807952
22461528
10921983
40645225
18648644
8308104
29518066
20194591
41148846
10473532
17028213
26690090
41196893
23716607
31703683
35236406
19837284
22727892
13596891
23837378
30670904
23045513
41120486
18664389
9656011
19176693
7806364
24176078
36930131
15039330
25253663
11553569
32965738
37276346
36178040
8915438
6419766
23837379
37389214
18923907
38190394
8593404
9784574
6870000
37981707
39770323
8027313
33618618
20943881
35928811
36940016
25633898
26616550
31354728
30837598
35786155
36939918
34049112
37493775
28376905
16177328
18414589
8698463
32298378
6802042
31730501
15861878
37580676
18836016
33328142
11823235
33818957
38633148
40152064
40223393
30375177
17428946
39875488
31951645
21768283
17664263
34078437
29641606
11732416
25320267
35283311
23837380
36263034
37036290
35166028
16790778
33593447
31986561
24716528
21708998
26459556
15005547
8723881
25001604
29929362
32703299
37477668
31013002
36918910
12761107
806320
8641749
32747427
32747427
29361960
29709690
25644010
22149711
4631096
30139304
40936934
26036697
30424746
13106703
19687621
13819864
26904509
28882137
24598723
26904517
12183550
4998841
20391363
32983124
21109033
33025778
26039674
6799566
25029920
34057317
15005562
12399611
21056079
2514615
27591954
32581535
34305935
22919627
19321692
40232834
4373423
27639282
25673305
12650766
22546330
27349900
7927779
32241210
31775863
32434839
17014337
21478357
26971148
24646742
38453565
17553265
22242036
20876984
11732419
26040616
15322336
18319583
26699748
9582954
29041788
6178324
6782064
25339409
4626469
33774931
14500496
22383953
21602346
23837383
9801329
31676233
25225910
18727806
9706206
41293151
12933826
35537721
13915813
30622973
29781672
16299302
25043564
33213290
110181
17306588
23163875
25165025
13475612
9673273
27747197
26317399
18462974
40989634
40284996
25653412
40665323
23647412
26752510
28391992
19703982
8748294
2844673
13575671
8250382
11953389
22919576
19397881
21651944
38501889
17715332
16790759
9801349
11497459
11447155
3135769
10579049
23006848
8051240
3089933
23239800
30717621
32071068
16239526
31662995
21264260
992708
29263667
116578
10407488
1456536
14196815
4628447
30609879
21412420
11139204
26530141
3926817
20580469
29277251
7868269
21809734
6315592
31592588
9199478
7559970
10816475
8836366
8675325
10066666
20147498
10531243
26825313
6784617
11500412
13780996
10881048
28160160
11953393
19204345
23000585
21411601
21719815
16339067
11117970
8698471
17267588
11500423
1350274
18362129
2298657
8300219
19293473
14194388
18293615
9858409
4631097
11768128
16988260
25895189
16622231
8225607
2494911
28797045
41207070
40715363
12853409
6775668
15908354
2494912
22496493
19914192
24898325
117051
30350322
11401996
1995583
3925824
9009345
22427502
6796600
3138930
6208828
11277206
25947146
9563622
9518281
12176275
118953
23816586
118688
23754360
13889789
6791534
15213148
6409863
17196866
6408007
10376900
1769876
14039582
14234061
9729532
11553603
8705674
9916121
417648
9492928
7960111
15972510
24288554
12065469
3133389
14367297
19745508
2515779
750371
8550206
21213590
7622248
1785727
21166726
464362
6433755
1901465
13585068
2465711
6778599
1568926
6783530
10548564
12704101
30789879
7224283
4237299
11238226
6778600
10534009
3917981
14392120
11107632
10416464
2504086
3410770
4200541
13416171
4637296
111662
110514
6422806
14234817
2105681
115896
826587
3090911
6803624
6403209
12414785
8641754
3102552
7440324
3936383
3106273
4629394
101470
6414347
110515
4734475
13974326
6410579
6436294
15427016
6476570
4313432
4959964
13268611
417778
14032018
13585069
13219936
6440904
4978351
2509362
25540276
35891767
21871085
2494913
7835931
13913089
25685600
1500535
21852548
826309
9204307
33753207
3734426
31352634
23837367
24453799
22743689
32795361
9302205
25885057
41156613
37395662
41185900
10488186
1595966
8360090
121242
31481953
11427425
36032120
40890848
15845228
38165919
35168621
32437346
31545433
18385457
31232562
39450582
31220185
26464379
40140617
41583483
36269553
6401777
1644634
23837363
16700714
32645099
39612783
40368101
6790144
23761658
31402921
29790689
39301739
16077124
2122782
32567249
14221779
26606688
15846895
29254496
38533384
41025662
41294862
34948430
34824738
33201876
22216095
97304
18448622
39339006
39885966
31414558
11598077
40643812
38226385
32872264
32392223
30337685
37212362
41009442
39037482
39833143
40272150
29958525
34521471
25347802
7664186
6783549
33974356
12853399
39276450
27907105
41204344
39536431
26157707
25015840
22718127
34412583
37649455
32341414
22905141
39402435
24339776
31821358
27792776
29531148
19884330
20622221
22589097
28693438
40810840
39860987
15141886
31588758
39919134
21976222
32027689
25919005
39970851
24722798
22589715
22761298
37006545
26025374
19261777
30551811
32134953
10865193
40733172
23986318
40304471
36367706
39967794
19386800
38531364
23277121
39867886
18077620
41018667
1456539
38689773
27144565
31443507
28502643
40529620
21464087
29967118
22064715
40619514
1966725
39222672
40019270
15869716
8288319
17698385
25198525
10618289
38003334
31699441
33822982
7802394
7325458
33302421
6759521
5295563
3089082
32111651
6777304
32146460
31932325
103470
3147993
38538674
6897731
4226677
18637172
34163479
7771697
34903220
26129660
31454518
14573645
3570957
10816476
4164271
23862154
13567683
26456256
10858205
27645563
23424609
31718300
18478107
31571725
26218368
8807216
29746469
22846987
20812951
23837376
3570958
6768771
20888425
16622210
8926120
28345992
32531499
23967122
4316295
18731534
4985429
18437841
9826342
29975674
22919594
2118744
32787425
14997239
5422523
22927979
4893112
32536545
5388135
38574113
4555397
23837382
5270201
28535754
812900
20181906
5655006
770324
21143881
120873
30323166
23533646
12193611
29028813
13108861
22276812
13108862
35366881
35710873
18199966
818014
33947419
11732418
13663573
16714846
35296091
630892
33388047
28287496
4316284
11732676
6476569
8116936
4788834
29161849
8312619
312154
630893
28332655
204454
31499740
24952122
9752591
14238932
8757841
37147629
17648332
16697684
6757217
342468
25266004
10417145
8627787
24421050
31993824
11349047
13475275
6066058
14792985
31678593
5706990
14472254
12859018
14097348
4211951
95914
78896
4971893
32043321
1398758
18708109
4168878
1369067
2114357
3081443
41179620
23837362
1908827
7745677
23332663
9495494
3138026
27933275
104645
117730
104646
38028819
9654096
3812841
27447651
6732007
22046137
8904427
8945575
31216271
3539295
30185220
22919593
11974615
1587614
7496947
32462327
23805193
33432377
36583994
23863503
20952568
30400899
19824392
31955558
7057025
22457830
22065984
36882115
8968931
11401980
28128802
23837372
3693544
28296882
26455370
37817444
22582926
29178929
30927485
1194115
36586113
3619804
3759625
35905023
38177023
26528442
4984768
3733506
3343056
20124603
17938225
24410144
320237
19714247
41390615
7004278
27872852
31591273
1937745
2651307
23837374
36618295
8751924
29850587
22004574
32448394
36426348
25888205
26276733
37011099
13414393
6793622
3415232
26429071
18716225
34127292
31360652
190280
28968180
21178473
4960715
11705955
17008080
3138178
25424811
12595417
36857972
6767424
1459952
118933
3521407
7642258
7822049
29416212
1548064
103842
19660951
15583262
1563803
6784615
32142734
25820207
28257593
20718088
2479655
10708387
24761732
30551701
17709411
23272076
8675306
36633832
7875746
40090171
39965002
1701417
26221116
24752516
6434426
8763610
26063236
29301939
13712699
15061494
7927808
3114145
7558303
2109554
23520752
25012215
26438029
32777881
15745223
33864924
213237
8368602
31782698
20718089
23861971
8478060
35609880
22143553
16603619
40669151
34604598
25896365
1612752
29921215
25973756
32391285
7790090
24350060
37507444
41063091
22022621
10569735
11117954
32918242
16943345
16119769
40915348
2114356
19369480
22920578
41613062
20923306
32518090
227800
18077622
2155048
34784028
38257995
34824736
24909153
11895955
30502913
37133864
22505817
32255981
24060567
29155877
37103583
41293463
30496771
38573916
18425596
41441675
2101486
28046078
35243062
10909456
40563537
2071471
23219434
29233768
35027583
34395578
19126207
24462194
31517098
31267848
26622461
36118342
39858212
35465352
708579
36992130
31223613
5924305
12202611
992718
4180579
6968292
40103818
8423090
34960169
4546350
36876019
37860136
40872942
31528851
29354639
37191983
36620020
32195284
35214775
37937155
6193221
27536032
29867505
21413351
37630638
23100765
36146451
26623347
35630386
29911159
33997237
32911812
26913182
38023275
32443785
33195494
31849872
37415963
26019797
38601913
39620110
28717311
36338077
37876633
37515088
28386600
35923818
26989713
39858837
34452003
24031869
39148966
36147290
28766326
24860561
30524697
38025913
35335018
23251805
32128095
17649570
38170414
38352039
24371203
32370379
23730309
32102449
41103755
20875156
24847419
39132632
23256535
36632477
36313852
32244903
36992237
40711265
36560581
28232837
40573898
32848322
39927221
38792696
16557954
39057972
29887851
39408526
33768120
38250017
34745025
40800113
33642798
39132440
36911199
31380001
32175335
35889993
38930429
40949690
26579096
30034165
40520370
29567740
33738302
38957801
39144123
20391385
35215112
36678430
25737825
34489888
37051103
33062939
33799545
30731541
32476734
33644455
31998758
36851141
35174240
38019359
41133153
21052561
32546922
35274021
32736440
20437382
38746929
26587475
23467315
29911160
29978136
22041276
35028300
33643576
40612150
37621538
33592918
39881714
33198223
25972991
26862376
39918760
38044961
33424306
32206227
35071397
27582592
30050849
30603712
31618183
27148232
31086754
29238329
39858938
31327909
26866027
37630536
17648550
32776000
33628752
40606156
17648699
38974993
20637091
35208791
38770201
27839533
35888979
30429834
31485163
26579099
41127417
32825067
30319590
33531081
26445639
24293713
39678977
26779198
38725590
40142466
40013279
31756893
27928487
26834720
39220468
32148665
30837973
28443226
36014002
26752992
30083304
35224080
38681083
38003739
39606679
27920824
40814477
39534295
32255962
39624198
26516446
41409900
37123977
34540171
41477197
39651132
38146446
34777524
24833983
28261222
33182549
32668648
21151694
29606969
15663081
39100474
26124937
35028408
30034172
29619446
39664061
36590134
34179193
35646816
33748220
31783731
31013592
39726584
41209740
41140409
37032899
33553273
41098548
26038506
29531919
34249510
30542467
30294312
35223665
41295567
39770846
34208761
41310906
36056387
34335551
23738094
29805218
40188869
31297365
38711779
35889012
40521440
34630961
33093792
36992277
30687586
24239212
41286633
40767782
40890627
37630630
23961160
36425611
40791355
31776214
16556312
36750223
37671873
39464312
34576838
37396997
36149522
9686182
40481572
20429057
28096613
34675257
26280026
32370378
39748974
34067124
30510646
35875565
40313502
38062496
27051206
40931356
41593501
23932076
27656221
39981251
6996540
17647731
26564050
17647737
31168339
1305861
17421731
37520004
32742335
17648364
17648514
21593234
30274461
20405451
17648832
41484911
33816587
31198771
1840850
41610084
32219108
39507524
36187929
24149042
40013292
29892455
33061219
26821047
34306007
36742247
39430668
38545216
27551431
31360355
36296246
30881410
33778036
23029192
33415719
39925832
34959549
39910632
29391682
23741173
32070427
36992971
35017831
34211345
41618666
26587216
3304395
34576711
6253033
40853953
30112155
36442625
9521150
31084895
40933525
28915908
1840851
40654512
39189011
41538920
30333984
35967460
23825732
38264255
41551725
39687919
33909645
16893981
36428371
20411515
32501433
9383148
35323205
41154981
3980087
31934663
8323053
36066737
41334222
22389729
2019526
360197
25298245
33644239
35234599
32012807
17142235
17984082
25911990
2802311
40951386
23020050
23273048
40468267
38598116
41480662
36892927
22763857
36978504
36787295
21645321
21763173
24622102
12725505
32020787
34091225
32129639
21083874
21508164
25328621
28584176
41276838
34133919
30280838
38607981
39661611
21832261
33713812
41312397
32723287
37152587