29219305
37853407
37448359
3541425
26626213
39426472
34673003
36623693
38806353
32404509
32810924
23720712
28859268
40280033
30149131
31971564
23735014
12414168
21676343
32068074
39709806
27846274
31557626
34992597
38703567
9140553
28916316
12238372
25899866
40265107
40411948
24372253
38349167
39899236
40841725
40303105
26352261
1306918
35416090
25218295
26341622
32690632
39457012
12414166
24994009
101226
23219811
15099501
22169089
35447245
38586904
27537413
26048781
29023541
8890203
37561685
38809331
31509762
32535086
7650203
18423950
21446957
22439440
3836306
27595898
28482164
23592643
40106936
34807952
22461528
40645225
18648644
30593355
17028213
26690090
35236406
27938677
22727892
13596891
24950353
23837378
32543112
27496742
10939042
30661832
19176693
7806364
36930131
15039330
25274621
11553569
32965738
17570767
37276346
33582483
31009310
15246618
8915438
6419766
16372886
29984663
38190394
21530111
19757581
8593404
23659743
8027313
20943881
37225948
26616550
30837598
21479842
30145690
18675869
26093199
34049112
16177328
18414589
27771184
8698463
3148291
28533142
24941369
9234451
8296481
15861878
817437
16697090
38633148
3119851
38652965
14998310
22284623
30375177
19186196
31064674
31951645
12075822
22297422
31767087
21768283
9027704
828049
25939375
11732416
25320267
36263034
37036290
15963819
33593447
1557898
24716528
41499854
21708998
15005547
8723881
30569140
29929362
29249316
25723468
33631554
12761107
8641749
9270127
2930135
27075847
16713034
30009764
24370708
7625115
30707922
26150246
8236802
25644010
37866552
1261734
29649688
22149711
40936934
32208191
13106703
19687621
12151196
17070627
26904509
7631517
28882137
18405337
34919994
23942901
20391363
12119140
24508034
32983124
16519974
21109033
6799566
25029920
26925620
20362625
12399611
25218192
21056079
15695027
2514615
12381572
40232834
27639282
29548705
27664334
25673305
32544523
111660
17686554
7927779
31775863
32434839
17014337
31843357
26971148
38453565
32014437
28812192
6442027
24984948
15145500
27143220
29253594
35850072
33527985
19439382
26040616
18319583
24397905
25869887
9582954
40072655
23313258
6782064
25339409
12381571
30885309
12135637
829301
16112746
9801329
15804600
25225910
9706206
41293151
23643287
28131952
20362620
13915813
29781672
16299302
29274056
33213290
6805409
23163875
6802119
27938682
6774529
12414170
13475612
9673273
22539433
27747197
12507562
40989634
29433066
10731617
1906114
23647412
26752510
19703982
16973307
16246467
9813857
2844673
8203126
6529395
13575671
31514254
15327798
8250382
20833439
